2021111111363010105101101336301010510243101101       62403           231008307 023144 1231981000001011022011114080411198877777777700                     25030702310499    02  19895 238062 20233317073 109409438       122321 1222222222222222222000200013121212122222222222222222222222222222222222222222222222211111111111111111100                    1901
2021221113383010105101101336301010269999101051       51405           170405207 023123 2011903010000022022084301020499198805197702004                     99119999490699    03  19893 138062 20233459073 109409438       122322 1222222222222222222000200030422222222222222222222222222222222222222222222222222222211111111111111111100                    1801
2020111111363010105101101336301010510243101101       62403           231008307 023144 1231981000001011022011114080411198877777777700                     25030702310499    02  19895 238062 20233317073 109409438       122321 1222222222222222222000200013121212122222222222222222222222222222222222222222222222211111111111111111100                    1901
2020221113383010105101101336301010269999101051       51405           170405207 023123 2011903010000022022084301020499198805197702004                     99119999490699    03  19893 138062 20233459073 109409438       122322 1222222222222222222000200030422222222222222222222222222222222222222222222222222222211111111111111111100                    1801
2000111111363010105101101336301010510243101101       62403           231008307 023144 1231981000001011022011114080411198877777777700                     25030702310499    02  19895 238062 20233317073 109409438       122321 1222222222222222222000200013121212122222222222222222222222222222222222222222222222211111111111111111100                    1901
2000221113383010105101101336301010269999101051       51405           170405207 023123 2011903010000022022084301020499198805197702004                     99119999490699    03  19893 138062 20233459073 109409438       122322 1222222222222222222000200030422222222222222222222222222222222222222222222222222222211111111111111111100                    1801
2001111111363010105101101336301010510243101101       62403           231008307 023144 1231981000001011022011114080411198877777777700                     25030702310499    02  19895 238062 20233317073 109409438       122321 1222222222222222222000200013121212122222222222222222222222222222222222222222222222211111111111111111100                    1901
2001221113383010105101101336301010269999101051       51405           170405207 023123 2011903010000022022084301020499198805197702004                     99119999490699    03  19893 138062 20233459073 109409438       122322 1222222222222222222000200030422222222222222222222222222222222222222222222222222222211111111111111111100                    1801
2002111111363010105101101336301010510243101101       62403           231008307 023144 1231981000001011022011114080411198877777777700                     25030702310499    02  19895 238062 20233317073 109409438       122321 1222222222222222222000200013121212122222222222222222222222222222222222222222222222211111111111111111100                    1901
2002221113383010105101101336301010269999101051       51405           170405207 023123 2011903010000022022084301020499198805197702004                     99119999490699    03  19893 138062 20233459073 109409438       122322 1222222222222222222000200030422222222222222222222222222222222222222222222222222222211111111111111111100                    1801
2003111111363010105101101336301010510243101101       62403           231008307 023144 1231981000001011022011114080411198877777777700                     25030702310499    02  19895 238062 20233317073 109409438       122321 1222222222222222222000200013121212122222222222222222222222222222222222222222222222211111111111111111100                    1901
2003221113383010105101101336301010269999101051       51405           170405207 023123 2011903010000022022084301020499198805197702004                     99119999490699    03  19893 138062 20233459073 109409438       122322 1222222222222222222000200030422222222222222222222222222222222222222222222222222222211111111111111111100                    1801
2019111111363010105101101336301010510243101101       62403           231008307 023144 1231981000001011022011114080411198877777777700                     25030702310499    02  19895 238062 20233317073 109409438       122321 1222222222222222222000200013121212122222222222222222222222222222222222222222222222211111111111111111100                    1901
2019221113383010105101101336301010269999101051       51405           170405207 023123 2011903010000022022084301020499198805197702004                     99119999490699    03  19893 138062 20233459073 109409438       122322 1222222222222222222000200030422222222222222222222222222222222222222222222222222222211111111111111111100                    1801
2017111111363010105101101336301010510243101101       62403           231008307 023144 1231981000001011022011114080411198877777777700                     25030702310499    02  19895 238062 20233317073 109409438       122321 1222222222222222222000200013121212122222222222222222222222222222222222222222222222211111111111111111100                    1901
2017221113383010105101101336301010269999101051       51405           170405207 023123 2011903010000022022084301020499198805197702004                     99119999490699    03  19893 138062 20233459073 109409438       122322 1222222222222222222000200030422222222222222222222222222222222222222222222222222222211111111111111111100                    1801

1999111111363010105101101336301010510243101101       62403           231008307 023144 1231981000001011022011114080411198877777777700                     25030702310499    02  19895 238062 20233317073 109409438       122321 1222222222222222222000200013121212122222222222222222222222222222222222222222222222211111111111111111100                    1901
1999221113383010105101101336301010269999101051       51405           170405207 023123 2011903010000022022084301020499198805197702004                     99119999490699    03  19893 138062 20233459073 109409438       122322 1222222222222222222000200030422222222222222222222222222222222222222222222222222222211111111111111111100                    1801
1998111111363010105101101336301010510243101101       62403           231008307 023144 1231981000001011022011114080411198877777777700                     25030702310499    02  19895 238062 20233317073 109409438       122321 1222222222222222222000200013121212122222222222222222222222222222222222222222222222211111111111111111100                    1901
1998221113383010105101101336301010269999101051       51405           170405207 023123 2011903010000022022084301020499198805197702004                     99119999490699    03  19893 138062 20233459073 109409438       122322 1222222222222222222000200030422222222222222222222222222222222222222222222222222222211111111111111111100                    1801
1997111111363010105101101336301010510243101101       62403           231008307 023144 1231981000001011022011114080411198877777777700                     25030702310499    02  19895 238062 20233317073 109409438       122321 1222222222222222222000200013121212122222222222222222222222222222222222222222222222211111111111111111100                    1901
1997221113383010105101101336301010269999101051       51405           170405207 023123 2011903010000022022084301020499198805197702004                     99119999490699    03  19893 138062 20233459073 109409438       122322 1222222222222222222000200030422222222222222222222222222222222222222222222222222222211111111111111111100                    1801
1990111111363010105101101336301010510243101101       62403           231008307 023144 1231981000001011022011114080411198877777777700                     25030702310499    02  19895 238062 20233317073 109409438       122321 1222222222222222222000200013121212122222222222222222222222222222222222222222222222211111111111111111100                    1901
1990221113383010105101101336301010269999101051       51405           170405207 023123 2011903010000022022084301020499198805197702004                     99119999490699    03  19893 138062 20233459073 109409438       122322 1222222222222222222000200030422222222222222222222222222222222222222222222222222222211111111111111111100                    1801
1980111111363010105101101336301010510243101101       62403           231008307 023144 1231981000001011022011114080411198877777777700                     25030702310499    02  19895 238062 20233317073 109409438       122321 1222222222222222222000200013121212122222222222222222222222222222222222222222222222211111111111111111100                    1901
1980221113383010105101101336301010269999101051       51405           170405207 023123 2011903010000022022084301020499198805197702004                     99119999490699    03  19893 138062 20233459073 109409438       122322 1222222222222222222000200030422222222222222222222222222222222222222222222222222222211111111111111111100                    1801
1981111111363010105101101336301010510243101101       62403           231008307 023144 1231981000001011022011114080411198877777777700                     25030702310499    02  19895 238062 20233317073 109409438       122321 1222222222222222222000200013121212122222222222222222222222222222222222222222222222211111111111111111100                    1901
1981221113383010105101101336301010269999101051       51405           170405207 023123 2011903010000022022084301020499198805197702004                     99119999490699    03  19893 138062 20233459073 109409438       122322 1222222222222222222000200030422222222222222222222222222222222222222222222222222222211111111111111111100                    1801
1983111111363010105101101336301010510243101101       62403           231008307 023144 1231981000001011022011114080411198877777777700                     25030702310499    02  19895 238062 20233317073 109409438       122321 1222222222222222222000200013121212122222222222222222222222222222222222222222222222211111111111111111100                    1901
1983221113383010105101101336301010269999101051       51405           170405207 023123 2011903010000022022084301020499198805197702004                     99119999490699    03  19893 138062 20233459073 109409438       122322 1222222222222222222000200030422222222222222222222222222222222222222222222222222222211111111111111111100                    1801
1985111111363010105101101336301010510243101101       62403           231008307 023144 1231981000001011022011114080411198877777777700                     25030702310499    02  19895 238062 20233317073 109409438       122321 1222222222222222222000200013121212122222222222222222222222222222222222222222222222211111111111111111100                    1901
1985221113383010105101101336301010269999101051       51405           170405207 023123 2011903010000022022084301020499198805197702004                     99119999490699    03  19893 138062 20233459073 109409438       122322 1222222222222222222000200030422222222222222222222222222222222222222222222222222222211111111111111111100                    1801

2021111111363010105101101336301010510243101101       62403           231008307 023144 1231981000001011022011114080411198877777777700                     25030702310499    02  19895 238062 20233317073 109409438       122321 1222222222222222222000200013121212122222222222222222222222222222222222222222222222211111111111111111100                    1901
2021221113383010105101101336301010269999101051       51405           170405207 023123 2011903010000022022084301020499198805197702004                     99119999490699    03  19893 138062 20233459073 109409438       122322 1222222222222222222000200030422222222222222222222222222222222222222222222222222222211111111111111111100                    1801
2020111111363010105101101336301010510243101101       62403           231008307 023144 1231981000001011022011114080411198877777777700                     25030702310499    02  19895 238062 20233317073 109409438       122321 1222222222222222222000200013121212122222222222222222222222222222222222222222222222211111111111111111100                    1901
2020221113383010105101101336301010269999101051       51405           170405207 023123 2011903010000022022084301020499198805197702004                     99119999490699    03  19893 138062 20233459073 109409438       122322 1222222222222222222000200030422222222222222222222222222222222222222222222222222222211111111111111111100                    1801
2000111111363010105101101336301010510243101101       62403           231008307 023144 1231981000001011022011114080411198877777777700                     25030702310499    02  19895 238062 20233317073 109409438       122321 1222222222222222222000200013121212122222222222222222222222222222222222222222222222211111111111111111100                    1901
2000221113383010105101101336301010269999101051       51405           170405207 023123 2011903010000022022084301020499198805197702004                     99119999490699    03  19893 138062 20233459073 109409438       122322 1222222222222222222000200030422222222222222222222222222222222222222222222222222222211111111111111111100                    1801
2001111111363010105101101336301010510243101101       62403           231008307 023144 1231981000001011022011114080411198877777777700                     25030702310499    02  19895 238062 20233317073 109409438       122321 1222222222222222222000200013121212122222222222222222222222222222222222222222222222211111111111111111100                    1901
2001221113383010105101101336301010269999101051       51405           170405207 023123 2011903010000022022084301020499198805197702004                     99119999490699    03  19893 138062 20233459073 109409438       122322 1222222222222222222000200030422222222222222222222222222222222222222222222222222222211111111111111111100                    1801
2002111111363010105101101336301010510243101101       62403           231008307 023144 1231981000001011022011114080411198877777777700                     25030702310499    02  19895 238062 20233317073 109409438       122321 1222222222222222222000200013121212122222222222222222222222222222222222222222222222211111111111111111100                    1901
2002221113383010105101101336301010269999101051       51405           170405207 023123 2011903010000022022084301020499198805197702004                     99119999490699    03  19893 138062 20233459073 109409438       122322 1222222222222222222000200030422222222222222222222222222222222222222222222222222222211111111111111111100                    1801
2003111111363010105101101336301010510243101101       62403           231008307 023144 1231981000001011022011114080411198877777777700                     25030702310499    02  19895 238062 20233317073 109409438       122321 1222222222222222222000200013121212122222222222222222222222222222222222222222222222211111111111111111100                    1901
2003221113383010105101101336301010269999101051       51405           170405207 023123 2011903010000022022084301020499198805197702004                     99119999490699    03  19893 138062 20233459073 109409438       122322 1222222222222222222000200030422222222222222222222222222222222222222222222222222222211111111111111111100                    1801
2019111111363010105101101336301010510243101101       62403           231008307 023144 1231981000001011022011114080411198877777777700                     25030702310499    02  19895 238062 20233317073 109409438       122321 1222222222222222222000200013121212122222222222222222222222222222222222222222222222211111111111111111100                    1901
2019221113383010105101101336301010269999101051       51405           170405207 023123 2011903010000022022084301020499198805197702004                     99119999490699    03  19893 138062 20233459073 109409438       122322 1222222222222222222000200030422222222222222222222222222222222222222222222222222222211111111111111111100                    1801
2017111111363010105101101336301010510243101101       62403           231008307 023144 1231981000001011022011114080411198877777777700                     25030702310499    02  19895 238062 20233317073 109409438       122321 1222222222222222222000200013121212122222222222222222222222222222222222222222222222211111111111111111100                    1901
2017221113383010105101101336301010269999101051       51405           170405207 023123 2011903010000022022084301020499198805197702004                     99119999490699    03  19893 138062 20233459073 109409438       122322 1222222222222222222000200030422222222222222222222222222222222222222222222222222222211111111111111111100                    1801

1999111111363010105101101336301010510243101101       62403           231008307 023144 1231981000001011022011114080411198877777777700                     25030702310499    02  19895 238062 20233317073 109409438       122321 1222222222222222222000200013121212122222222222222222222222222222222222222222222222211111111111111111100                    1901
1999221113383010105101101336301010269999101051       51405           170405207 023123 2011903010000022022084301020499198805197702004                     99119999490699    03  19893 138062 20233459073 109409438       122322 1222222222222222222000200030422222222222222222222222222222222222222222222222222222211111111111111111100                    1801
1998111111363010105101101336301010510243101101       62403           231008307 023144 1231981000001011022011114080411198877777777700                     25030702310499    02  19895 238062 20233317073 109409438       122321 1222222222222222222000200013121212122222222222222222222222222222222222222222222222211111111111111111100                    1901
1998221113383010105101101336301010269999101051       51405           170405207 023123 2011903010000022022084301020499198805197702004                     99119999490699    03  19893 138062 20233459073 109409438       122322 1222222222222222222000200030422222222222222222222222222222222222222222222222222222211111111111111111100                    1801
1997111111363010105101101336301010510243101101       62403           231008307 023144 1231981000001011022011114080411198877777777700                     25030702310499    02  19895 238062 20233317073 109409438       122321 1222222222222222222000200013121212122222222222222222222222222222222222222222222222211111111111111111100                    1901
1997221113383010105101101336301010269999101051       51405           170405207 023123 2011903010000022022084301020499198805197702004                     99119999490699    03  19893 138062 20233459073 109409438       122322 1222222222222222222000200030422222222222222222222222222222222222222222222222222222211111111111111111100                    1801
1990111111363010105101101336301010510243101101       62403           231008307 023144 1231981000001011022011114080411198877777777700                     25030702310499    02  19895 238062 20233317073 109409438       122321 1222222222222222222000200013121212122222222222222222222222222222222222222222222222211111111111111111100                    1901
1990221113383010105101101336301010269999101051       51405           170405207 023123 2011903010000022022084301020499198805197702004                     99119999490699    03  19893 138062 20233459073 109409438       122322 1222222222222222222000200030422222222222222222222222222222222222222222222222222222211111111111111111100                    1801
1980111111363010105101101336301010510243101101       62403           231008307 023144 1231981000001011022011114080411198877777777700                     25030702310499    02  19895 238062 20233317073 109409438       122321 1222222222222222222000200013121212122222222222222222222222222222222222222222222222211111111111111111100                    1901
1980221113383010105101101336301010269999101051       51405           170405207 023123 2011903010000022022084301020499198805197702004                     99119999490699    03  19893 138062 20233459073 109409438       122322 1222222222222222222000200030422222222222222222222222222222222222222222222222222222211111111111111111100                    1801
1981111111363010105101101336301010510243101101       62403           231008307 023144 1231981000001011022011114080411198877777777700                     25030702310499    02  19895 238062 20233317073 109409438       122321 1222222222222222222000200013121212122222222222222222222222222222222222222222222222211111111111111111100                    1901
1981221113383010105101101336301010269999101051       51405           170405207 023123 2011903010000022022084301020499198805197702004                     99119999490699    03  19893 138062 20233459073 109409438       122322 1222222222222222222000200030422222222222222222222222222222222222222222222222222222211111111111111111100                    1801
1983111111363010105101101336301010510243101101       62403           231008307 023144 1231981000001011022011114080411198877777777700                     25030702310499    02  19895 238062 20233317073 109409438       122321 1222222222222222222000200013121212122222222222222222222222222222222222222222222222211111111111111111100                    1901
1983221113383010105101101336301010269999101051       51405           170405207 023123 2011903010000022022084301020499198805197702004                     99119999490699    03  19893 138062 20233459073 109409438       122322 1222222222222222222000200030422222222222222222222222222222222222222222222222222222211111111111111111100                    1801
1985111111363010105101101336301010510243101101       62403           231008307 023144 1231981000001011022011114080411198877777777700                     25030702310499    02  19895 238062 20233317073 109409438       122321 1222222222222222222000200013121212122222222222222222222222222222222222222222222222211111111111111111100                    1901
1985221113383010105101101336301010269999101051       51405           170405207 023123 2011903010000022022084301020499198805197702004                     99119999490699    03  19893 138062 20233459073 109409438       122322 1222222222222222222000200030422222222222222222222222222222222222222222222222222222211111111111111111100                    1801

2021111111363010105101101336301010510243101101       62403           231008307 023144 1231981000001011022011114080411198877777777700                     25030702310499    02  19895 238062 20233317073 109409438       122321 1222222222222222222000200013121212122222222222222222222222222222222222222222222222211111111111111111100                    1901
2021221113383010105101101336301010269999101051       51405           170405207 023123 2011903010000022022084301020499198805197702004                     99119999490699    03  19893 138062 20233459073 109409438       122322 1222222222222222222000200030422222222222222222222222222222222222222222222222222222211111111111111111100                    1801
2020111111363010105101101336301010510243101101       62403           231008307 023144 1231981000001011022011114080411198877777777700                     25030702310499    02  19895 238062 20233317073 109409438       122321 1222222222222222222000200013121212122222222222222222222222222222222222222222222222211111111111111111100                    1901
2020221113383010105101101336301010269999101051       51405           170405207 023123 2011903010000022022084301020499198805197702004                     99119999490699    03  19893 138062 20233459073 109409438       122322 1222222222222222222000200030422222222222222222222222222222222222222222222222222222211111111111111111100                    1801
2000111111363010105101101336301010510243101101       62403           231008307 023144 1231981000001011022011114080411198877777777700                     25030702310499    02  19895 238062 20233317073 109409438       122321 1222222222222222222000200013121212122222222222222222222222222222222222222222222222211111111111111111100                    1901
2000221113383010105101101336301010269999101051       51405           170405207 023123 2011903010000022022084301020499198805197702004                     99119999490699    03  19893 138062 20233459073 109409438       122322 1222222222222222222000200030422222222222222222222222222222222222222222222222222222211111111111111111100                    1801
2001111111363010105101101336301010510243101101       62403           231008307 023144 1231981000001011022011114080411198877777777700                     25030702310499    02  19895 238062 20233317073 109409438       122321 1222222222222222222000200013121212122222222222222222222222222222222222222222222222211111111111111111100                    1901
2001221113383010105101101336301010269999101051       51405           170405207 023123 2011903010000022022084301020499198805197702004                     99119999490699    03  19893 138062 20233459073 109409438       122322 1222222222222222222000200030422222222222222222222222222222222222222222222222222222211111111111111111100                    1801
2002111111363010105101101336301010510243101101       62403           231008307 023144 1231981000001011022011114080411198877777777700                     25030702310499    02  19895 238062 20233317073 109409438       122321 1222222222222222222000200013121212122222222222222222222222222222222222222222222222211111111111111111100                    1901
2002221113383010105101101336301010269999101051       51405           170405207 023123 2011903010000022022084301020499198805197702004                     99119999490699    03  19893 138062 20233459073 109409438       122322 1222222222222222222000200030422222222222222222222222222222222222222222222222222222211111111111111111100                    1801
2003111111363010105101101336301010510243101101       62403           231008307 023144 1231981000001011022011114080411198877777777700                     25030702310499    02  19895 238062 20233317073 109409438       122321 1222222222222222222000200013121212122222222222222222222222222222222222222222222222211111111111111111100                    1901
2003221113383010105101101336301010269999101051       51405           170405207 023123 2011903010000022022084301020499198805197702004                     99119999490699    03  19893 138062 20233459073 109409438       122322 1222222222222222222000200030422222222222222222222222222222222222222222222222222222211111111111111111100                    1801
2019111111363010105101101336301010510243101101       62403           231008307 023144 1231981000001011022011114080411198877777777700                     25030702310499    02  19895 238062 20233317073 109409438       122321 1222222222222222222000200013121212122222222222222222222222222222222222222222222222211111111111111111100                    1901
2019221113383010105101101336301010269999101051       51405           170405207 023123 2011903010000022022084301020499198805197702004                     99119999490699    03  19893 138062 20233459073 109409438       122322 1222222222222222222000200030422222222222222222222222222222222222222222222222222222211111111111111111100                    1801
2017111111363010105101101336301010510243101101       62403           231008307 023144 1231981000001011022011114080411198877777777700                     25030702310499    02  19895 238062 20233317073 109409438       122321 1222222222222222222000200013121212122222222222222222222222222222222222222222222222211111111111111111100                    1901
2017221113383010105101101336301010269999101051       51405           170405207 023123 2011903010000022022084301020499198805197702004                     99119999490699    03  19893 138062 20233459073 109409438       122322 1222222222222222222000200030422222222222222222222222222222222222222222222222222222211111111111111111100                    1801

1999111111363010105101101336301010510243101101       62403           231008307 023144 1231981000001011022011114080411198877777777700                     25030702310499    02  19895 238062 20233317073 109409438       122321 1222222222222222222000200013121212122222222222222222222222222222222222222222222222211111111111111111100                    1901
1999221113383010105101101336301010269999101051       51405           170405207 023123 2011903010000022022084301020499198805197702004                     99119999490699    03  19893 138062 20233459073 109409438       122322 1222222222222222222000200030422222222222222222222222222222222222222222222222222222211111111111111111100                    1801
1998111111363010105101101336301010510243101101       62403           231008307 023144 1231981000001011022011114080411198877777777700                     25030702310499    02  19895 238062 20233317073 109409438       122321 1222222222222222222000200013121212122222222222222222222222222222222222222222222222211111111111111111100                    1901
1998221113383010105101101336301010269999101051       51405           170405207 023123 2011903010000022022084301020499198805197702004                     99119999490699    03  19893 138062 20233459073 109409438       122322 1222222222222222222000200030422222222222222222222222222222222222222222222222222222211111111111111111100                    1801
1997111111363010105101101336301010510243101101       62403           231008307 023144 1231981000001011022011114080411198877777777700                     25030702310499    02  19895 238062 20233317073 109409438       122321 1222222222222222222000200013121212122222222222222222222222222222222222222222222222211111111111111111100                    1901
1997221113383010105101101336301010269999101051       51405           170405207 023123 2011903010000022022084301020499198805197702004                     99119999490699    03  19893 138062 20233459073 109409438       122322 1222222222222222222000200030422222222222222222222222222222222222222222222222222222211111111111111111100                    1801
1990111111363010105101101336301010510243101101       62403           231008307 023144 1231981000001011022011114080411198877777777700                     25030702310499    02  19895 238062 20233317073 109409438       122321 1222222222222222222000200013121212122222222222222222222222222222222222222222222222211111111111111111100                    1901
1990221113383010105101101336301010269999101051       51405           170405207 023123 2011903010000022022084301020499198805197702004                     99119999490699    03  19893 138062 20233459073 109409438       122322 1222222222222222222000200030422222222222222222222222222222222222222222222222222222211111111111111111100                    1801
1980111111363010105101101336301010510243101101       62403           231008307 023144 1231981000001011022011114080411198877777777700                     25030702310499    02  19895 238062 20233317073 109409438       122321 1222222222222222222000200013121212122222222222222222222222222222222222222222222222211111111111111111100                    1901
1980221113383010105101101336301010269999101051       51405           170405207 023123 2011903010000022022084301020499198805197702004                     99119999490699    03  19893 138062 20233459073 109409438       122322 1222222222222222222000200030422222222222222222222222222222222222222222222222222222211111111111111111100                    1801
1981111111363010105101101336301010510243101101       62403           231008307 023144 1231981000001011022011114080411198877777777700                     25030702310499    02  19895 238062 20233317073 109409438       122321 1222222222222222222000200013121212122222222222222222222222222222222222222222222222211111111111111111100                    1901
1981221113383010105101101336301010269999101051       51405           170405207 023123 2011903010000022022084301020499198805197702004                     99119999490699    03  19893 138062 20233459073 109409438       122322 1222222222222222222000200030422222222222222222222222222222222222222222222222222222211111111111111111100                    1801
1983111111363010105101101336301010510243101101       62403           231008307 023144 1231981000001011022011114080411198877777777700                     25030702310499    02  19895 238062 20233317073 109409438       122321 1222222222222222222000200013121212122222222222222222222222222222222222222222222222211111111111111111100                    1901
1983221113383010105101101336301010269999101051       51405           170405207 023123 2011903010000022022084301020499198805197702004                     99119999490699    03  19893 138062 20233459073 109409438       122322 1222222222222222222000200030422222222222222222222222222222222222222222222222222222211111111111111111100                    1801
1985111111363010105101101336301010510243101101       62403           231008307 023144 1231981000001011022011114080411198877777777700                     25030702310499    02  19895 238062 20233317073 109409438       122321 1222222222222222222000200013121212122222222222222222222222222222222222222222222222211111111111111111100                    1901
1985221113383010105101101336301010269999101051       51405           170405207 023123 2011903010000022022084301020499198805197702004                     99119999490699    03  19893 138062 20233459073 109409438       122322 1222222222222222222000200030422222222222222222222222222222222222222222222222222222211111111111111111100                    1801
